26225.0409258299
24537.3950092128
23375.9960476499
22898.4086030796
22718.0565767822
23135.8144989682
24809.1735811064
27436.9708056227
29225.6403693845
31082.4301549767
32022.7402029285
32158.649416516
31826.1053170105
31716.6719461208
30716.6371927179
29739.5709238615
29123.7556097089
28873.5818494061
29103.2374754805
31697.091759216
32928.7484570842
32591.0304733072
30567.4929513749
28081.0177237987
26265.398324112
24506.2707286142
23346.3609556472
22865.2597926274
22692.3599974167
23095.0389374742
24763.3930186688
27374.3123628005
29151.483007752
31003.5613608531
31941.4854589544
32077.0498154721
31745.349515888
31636.193822064
30638.6965644324
29664.1095109405
29049.8567712387
28800.3178037335
29029.3906998797
31616.6633180739
32845.1948008914
32508.3337452889
30489.930762819
28009.7647363523
26198.752303107
24444.0883313179
23287.12172221
22807.2413089318
22634.7802309735
23036.437410433
24700.5581973227
27304.8525748994
29077.5138135715
30924.8926890062
31860.4368913842
31995.657265875
31664.7986251481
31555.9199038098
30560.9537032885
29588.8395743811
28976.1454442419
28727.2396588064
28955.7313036477
31536.4389566687
32761.8531543798
32425.8468525759
30412.565381149
27938.6925467769
26132.2753902213
24382.0637161084
23228.0328028533
22749.370041777
22577.3465678665
22977.9845793512
24637.8828135292
27235.5690347913
29003.7323093857
30846.4236316442
31779.5939770644
31914.4712423509
31584.4521248494
31475.8496732049
30483.4081074705
29513.7606283301
28902.6211529257
28654.3469429188
28882.2588113267
31456.4181571669
32678.7229795946
32343.5692627304
30335.3963069855
